10 10 15 1000 10

64000 64000 2 102
4 6 
15 20 31 44 60 61 67 70 80 97 98 99 103 104 106 110 121 128 137 139 160 186 207 225 228 249 250 269 276 297 309 332 334 345 369 385 393 399 401 404 411 416 419 428 437 439 446 457 458 460 475 492 503 506 531 539 566 576 585 596 608 611 622 624 632 644 645 647 688 728 729 730 732 743 774 775 787 790 800 814 821 828 829 840 849 868 878 883 889 897 923 929 936 943 967 974 978 985 993 994 996 998 
2 2 2 1 8 7 1 7 3 7 
64000 64000 7 101
2 3 4 6 7 8 9 
2 10 14 18 23 27 47 54 87 107 108 111 115 122 124 130 132 152 155 166 168 174 205 211 215 217 231 264 279 281 296 299 314 319 320 325 335 341 343 344 348 353 356 364 377 387 394 398 436 444 447 450 456 462 467 470 478 482 486 494 499 519 544 562 565 571 572 579 590 591 594 600 607 641 651 664 677 702 736 737 752 761 763 780 795 799 807 810 817 826 847 859 876 882 886 908 938 942 981 987 999 
2 2 2 1 8 7 1 7 3 7 
64000 64000 9 108
0 1 2 3 4 5 7 8 9 
5 28 41 66 75 79 84 88 123 133 135 145 146 154 170 175 180 183 184 190 203 232 239 245 253 254 277 311 327 355 357 366 367 400 408 425 432 448 479 483 488 500 508 512 513 514 516 532 534 538 540 551 558 561 568 570 574 583 584 589 599 603 625 637 643 649 655 660 681 682 684 700 701 710 714 715 749 756 782 792 813 825 827 830 838 853 858 862 864 866 867 873 875 895 900 913 915 916 930 946 948 956 960 961 964 975 992 995 
2 2 2 1 8 7 1 7 3 7 
64000 64000 5 107
0 2 5 8 9 
7 24 30 37 39 45 49 57 64 69 73 78 89 93 113 140 144 148 156 161 171 173 182 196 221 234 246 252 268 270 271 282 286 300 305 306 312 329 337 354 372 374 376 383 396 412 414 415 426 431 434 438 445 449 469 477 504 510 515 520 523 527 533 543 545 555 557 559 580 581 598 609 615 629 636 642 648 652 653 669 687 705 725 742 754 769 797 808 836 843 845 852 863 887 892 905 911 927 928 940 947 951 958 965 968 971 979 
2 2 2 1 8 7 1 7 3 7 
64000 64000 5 107
3 4 6 7 9 
16 17 21 29 50 72 74 77 81 91 95 100 102 105 117 119 129 131 151 159 165 177 199 200 202 230 233 240 247 256 273 284 285 294 295 318 331 336 346 359 362 368 373 382 389 391 395 417 420 442 455 466 473 474 484 496 498 502 522 528 547 563 569 577 586 613 646 679 685 692 698 699 721 727 733 739 740 741 750 770 776 785 794 809 811 812 820 851 854 855 856 860 869 879 890 891 904 907 925 926 933 935 954 970 973 984 989 
2 2 2 1 8 7 1 7 3 7 
64000 64000 1 95
9 
11 42 48 52 55 71 86 90 96 109 118 126 141 147 149 150 158 167 179 188 197 201 218 219 236 242 243 248 258 260 263 265 278 287 288 289 302 324 347 349 363 365 381 402 410 433 468 472 476 480 485 521 530 552 560 573 593 605 614 626 663 666 667 676 694 696 709 717 718 720 722 731 755 766 788 791 804 819 823 842 846 861 874 881 885 894 910 912 919 932 934 950 957 976 982 
2 2 2 1 8 7 1 7 3 7 
64000 64000 4 108
0 1 4 7 
0 4 12 32 36 53 62 112 120 125 143 162 178 187 191 206 208 213 216 220 226 238 241 257 259 272 283 290 301 303 304 313 321 326 340 350 360 361 370 380 384 392 406 413 421 424 453 454 459 464 465 487 489 497 517 518 526 535 536 548 550 567 595 602 606 617 628 630 634 638 650 654 670 683 686 697 708 712 713 719 735 747 758 760 764 765 773 779 783 789 803 805 806 818 831 870 880 896 901 917 920 939 945 949 963 983 986 990 
2 2 2 1 8 7 1 7 3 7 
64000 64000 8 93
1 3 4 5 6 7 8 9 
1 3 6 26 34 38 40 43 56 58 59 92 101 114 172 181 192 194 195 204 227 237 244 251 255 267 275 291 298 307 310 316 317 328 330 352 379 397 407 427 430 435 441 505 511 524 537 546 549 553 564 588 604 612 616 618 623 635 639 656 661 671 706 711 716 726 734 744 745 746 762 781 796 798 802 816 824 834 850 871 888 898 914 918 921 922 937 941 955 966 969 980 997 
2 2 2 1 8 7 1 7 3 7 
64000 64000 8 89
0 1 3 4 5 6 7 8 
9 33 35 51 63 65 76 85 116 134 138 142 153 157 163 169 176 185 189 198 212 214 222 224 229 266 280 308 333 338 339 342 358 375 378 386 388 403 423 440 443 452 481 493 509 529 542 556 582 619 620 621 640 658 659 662 665 672 675 680 704 707 723 724 748 751 771 777 778 784 793 801 815 832 833 839 844 877 902 903 906 909 931 944 952 962 972 988 991 
2 2 2 1 8 7 1 7 3 7 
64000 64000 7 90
0 2 3 4 5 8 9 
8 13 19 22 25 46 68 82 83 94 127 136 164 193 209 210 223 235 261 262 274 292 293 315 322 323 351 371 390 405 409 418 422 429 451 461 463 471 490 491 495 501 507 525 541 554 575 578 587 592 597 601 610 627 631 633 657 668 673 674 678 689 690 691 693 695 703 738 753 757 759 767 768 772 786 822 835 837 841 848 857 865 872 884 893 899 924 953 959 977 
2 2 2 1 8 7 1 7 3 7 

[TIME_WINDOW] [NUM_SERVER] [NUM_LINK] [NUM_USER] [NUM_APPS]
[COMP] [STOR] [APP] [USER]
[APP_INDEX]
[USER_INDEX]
[SERVING]
